lastAccountName: Guzmania
timestamps:
  login: 1569374699625
  logout: 1569375543124
ipAddress: 209.51.89.248
lastlocation:
  world: world
  x: 231.21339869270358
  y: 65.0
  z: 343.1811603322773
  yaw: 335.2334
  pitch: -35.250168
logoutlocation:
  world: world
  x: 234.4608328801576
  y: 63.0
  z: 298.94919996673553
  yaw: 10.610168
  pitch: 5.850074
