lastAccountName: Paul7913
timestamps:
  login: 1569640725313
  logout: 1569640969067
ipAddress: 209.51.92.214
logoutlocation:
  world: world
  x: 163.4372203702092
  y: 125.0
  z: 527.5734820655151
  yaw: 107.63539
  pitch: 56.044746
