lastAccountName: Nireas570
timestamps:
  login: 1569722379023
  logout: 1569722568724
ipAddress: 141.237.83.200
lastlocation:
  world: world
  x: 55.750566332438176
  y: 80.0
  z: 4.602104347429853
  yaw: 192.19109
  pitch: 24.899485
logoutlocation:
  world: world
  x: 172.1400262940889
  y: 72.0
  z: 227.79626935452157
  yaw: -75.748955
  pitch: 14.69997
