lastAccountName: BeanieBubble
timestamps:
  login: 1569278344990
  lastteleport: 1569205587751
  logout: 1569280152374
ipAddress: 209.51.88.118
lastlocation:
  world: world
  x: 119.69999998807901
  y: 66.0
  z: 128.69999998807907
  yaw: -48.19633
  pitch: 8.249879
logoutlocation:
  world: world
  x: 239.69999998807907
  y: 63.0
  z: 295.5026342569873
  yaw: -232.96191
  pitch: 32.54987
