lastAccountName: WOOOOOOOOOOOOOSH
timestamps:
  login: 1568679978673
  logout: 1568681150469
  lastteleport: 1568680457420
ipAddress: 73.54.237.12
logoutlocation:
  world: world
  x: 256.299999974668
  y: 87.0000002
  z: 350.299999974668
  yaw: -144.28983
  pitch: 0.0
lastlocation:
  world: world
  x: 153.5
  y: 75.0
  z: 225.5
  yaw: -0.15000002
  pitch: 0.0
