lastAccountName: grvmoire
timestamps:
  login: 1569544122561
  lastteleport: 1569547004994
  logout: 1569547138914
ipAddress: 174.49.69.225
homes:
  home:
    world: world
    x: 330.38139243540985
    y: 64.0
    z: 152.36775692688485
    yaw: -94.464874
    pitch: 10.350014
lastlocation:
  world: world
  x: 159.5
  y: 74.0
  z: 232.5
  yaw: 290.54996
  pitch: 8.250001
logoutlocation:
  world: world
  x: 331.4151878388422
  y: 65.0
  z: 153.01790368786007
  yaw: 338.58514
  pitch: 19.34997
