lastAccountName: 21blue64
timestamps:
  login: 1569834244978
  logout: 1569837119577
ipAddress: 192.168.1.80
afk: false
logoutlocation:
  world: world
  x: 139.26485946071512
  y: 91.0
  z: 167.81086780860994
  yaw: 16.969116
  pitch: 3.2999778
lastlocation:
  world: world
  x: 137.69999998807907
  y: 86.0
  z: 223.69999998807907
  yaw: 156.1431
  pitch: 90.0
nickname: vivi_uwu
