lastAccountName: 21blue64
timestamps:
  login: 1569834244978
  logout: 1569819682966
ipAddress: 192.168.1.80
afk: true
logoutlocation:
  world: world
  x: 135.00556661218525
  y: 86.0
  z: 221.06050819236927
  yaw: 130.06909
  pitch: -0.45002303
lastlocation:
  world: world
  x: 137.69999998807907
  y: 86.0
  z: 223.69999998807907
  yaw: 156.1431
  pitch: 90.0
nickname: vivi_uwu
