world: world
x: 142.82253261768298
y: 91.0
z: 166.13484497982833
yaw: -178.48071
pitch: 5.4000225
name: spawn
lastowner: 87ceaf2d-bff2-4c04-a65b-e8856a4bf39b
